129.000000
3.000000
2.000000
3.500000
2005.243388
2007.321436
2007.920078
2017.192287
2017.927839
2019.882729
2028.534272
2029.046934
2032.364346
2039.140704
2041.088077
2044.975161
2049.747104
2053.424759
2057.344327
2060.353519
2065.832771
2069.393756
2070.959986
2078.121265
2081.216364
2081.566393
2090.220228
2092.172826
2092.862191
2102.158782
2102.779274
2104.891278
2113.385689
2114.008106
2117.405583
2123.992144
2126.087459
2130.004823
2134.598589
2138.440991
2142.343668
2145.205007
2150.844725
2154.366542
2155.811450
2163.117291
2166.173143
2166.417842
2175.199326
2177.024272
2177.819411
2187.128074
2187.630717
2189.908778
2198.237131
2198.975538
2202.452652
2208.843551
2211.094364
2215.036737
2219.450000
2223.463115
2227.344040
2230.056421
2235.860698
2239.340726
2240.662840
2248.116317
2251.130948
2251.269287
2260.181039
2261.875695
2262.790556
2272.100320
2272.482144
2274.933863
2283.088575
2283.956547
2287.503195
2293.694993
2296.108339
2300.068873
2304.301436
2308.490334
2312.343910
2314.907839
2320.879742
2324.315065
2325.514272
2333.117417
2336.088076
2336.120704
2345.164479
2346.727104
2347.767805
2357.074518
2357.333519
2359.962940
2367.939986
2368.944991
2372.552831
2378.546393
2381.126951
2385.097417
2389.152826
2393.519699
2397.340281
2399.759274
2405.899058
2409.287326
2410.365689
2418.118170
2420.972144
2421.041871
2430.147667
2431.578589
2432.746212
2442.048595
2442.185007
2444.990992
2452.791450
2453.936189
2457.596115
2463.397842
2466.146322
2470.117969
2474.004272
2478.547113
2482.329700
2484.610717
2490.914873
2494.254581
2495.217131
